function obj = c_13_const_pitch_kown_scale(in1,ps,pc)
C11 = in1(1);
C12 = in1(4);
C13 = in1(7);
C21 = in1(2);
C22 = in1(5);
C23 = in1(8);
C31 = in1(3);
C32 = in1(6);
C33 = in1(9);
t2 = C11.^2;
t3 = C12.^2;
t4 = C12.^3;
t5 = C13.^2;
t6 = C13.^3;
t7 = C21.^2;
t8 = C22.^2;
t9 = C22.^3;
t10 = C23.^2;
t11 = C23.^3;
t12 = C32.^2;
t13 = C33.^2;
t14 = C11.*C22.*C33;
t15 = C11.*C23.*C32;
t16 = C12.*C21.*C33;
t17 = C12.*C23.*C31;
t18 = C13.*C21.*C32;
t19 = C13.*C22.*C31;
t20 = -t15;
t21 = -t16;
t22 = -t19;
t23 = C11.*ps.*t5.*t9;
t24 = C21.*ps.*t4.*t10;
t25 = C11.*C12.*C13.*C23.*ps.*t8.*2.0;
t26 = C13.*C21.*C22.*C23.*ps.*t3.*2.0;
t27 = C11.*C22.*ps.*t3.*t10;
t28 = C12.*C21.*ps.*t5.*t8;
t29 = C11.*C22.*ps.*t5.*t12;
t30 = C12.*C21.*ps.*t10.*t12;
t31 = -t23;
t32 = -t26;
t33 = -t27;
t34 = -t29;
t35 = t14+t17+t18+t20+t21+t22;
t36 = 1.0./t35.^3;
et1 = t24+t25+t28+t30+t31+t32+t33+t34+pc.*t4.*t11-pc.*t6.*t9+C12.*pc.*t11.*t12-C13.*pc.*t9.*t13-C22.*pc.*t6.*t12+C23.*pc.*t4.*t13+C33.*ps.*t3.*t20+C33.*ps.*t3.*t22+C33.*ps.*t8.*t17+C33.*ps.*t8.*t18+C12.*C13.*C32.*ps.*t14-C13.*C31.*C33.*ps.*t9+C23.*C31.*C33.*ps.*t4+C22.*C23.*C32.*ps.*t21+C12.*C23.*pc.*t5.*t8.*3.0-C13.*C22.*pc.*t3.*t10.*3.0-C13.*C22.*pc.*t3.*t13+C12.*C23.*pc.*t5.*t12+C12.*C23.*pc.*t8.*t13-C13.*C22.*pc.*t10.*t12+C12.*C22.*C32.*C33.*pc.*t5.*2.0-C13.*C23.*C32.*C33.*pc.*t3.*2.0-C12.*C22.*C32.*C33.*pc.*t10.*2.0+C13.*C23.*C32.*C33.*pc.*t8.*2.0+C11.*C12.*C13.*C23.*ps.*t12-C13.*C21.*C22.*C23.*ps.*t12+C12.*C22.*C31.*C32.*ps.*t5-C13.*C23.*C31.*C32.*ps.*t3;
et2 = -C12.*C22.*C31.*C32.*ps.*t10+C13.*C23.*C31.*C32.*ps.*t8;
et3 = C11.*pc.*t3.*t11+C11.*pc.*t11.*t12-C21.*pc.*t6.*t8-C21.*pc.*t6.*t12+C32.*pc.*t5.*t16.*2.0-C32.*pc.*t10.*t14.*2.0-C12.*C13.*C33.*pc.*t15.*2.0+C22.*C23.*C33.*pc.*t18.*2.0+C11.*C13.*C32.*ps.*t16+C12.*C13.*C31.*ps.*t20-C21.*C23.*C32.*ps.*t14+C22.*C23.*C31.*ps.*t18+C11.*C23.*pc.*t5.*t8-C13.*C21.*pc.*t3.*t10+C11.*C23.*pc.*t3.*t13-C13.*C21.*pc.*t3.*t13+C11.*C23.*pc.*t5.*t12+C11.*C23.*pc.*t8.*t13-C13.*C21.*pc.*t8.*t13-C13.*C21.*pc.*t10.*t12+C11.*C21.*ps.*t3.*t10-C11.*C21.*ps.*t5.*t8-C12.*C22.*ps.*t2.*t10+C12.*C22.*ps.*t5.*t7+C13.*C23.*ps.*t2.*t8-C13.*C23.*ps.*t3.*t7-C11.*C21.*ps.*t5.*t12+C13.*C23.*ps.*t2.*t12+C11.*C21.*ps.*t10.*t12;
et4 = -C13.*C23.*ps.*t7.*t12-C11.*C12.*C13.*C22.*pc.*t10.*2.0+C12.*C21.*C22.*C23.*pc.*t5.*2.0+C11.*C23.*C31.*C33.*ps.*t3+C12.*C21.*C31.*C32.*ps.*t5-C13.*C21.*C31.*C33.*ps.*t3-C12.*C23.*C32.*C33.*ps.*t2-C11.*C22.*C31.*C32.*ps.*t10+C11.*C23.*C31.*C33.*ps.*t8-C13.*C21.*C31.*C33.*ps.*t8+C13.*C22.*C32.*C33.*ps.*t7;
et5 = C11.*pc.*t5.*t9+C11.*pc.*t9.*t13-C21.*pc.*t4.*t10-C21.*pc.*t4.*t13+C33.*pc.*t3.*t18.*2.0-C33.*pc.*t8.*t15.*2.0+C13.*ps.*t2.*t9-C23.*ps.*t4.*t7+C31.*ps.*t3.*t14+C31.*ps.*t3.*t18+C31.*ps.*t8.*t20+C31.*ps.*t8.*t21-C12.*C13.*C32.*pc.*t14.*2.0+C22.*C23.*C32.*pc.*t16.*2.0+C11.*C12.*C32.*ps.*t22+C11.*C31.*C33.*ps.*t9-C21.*C31.*C33.*ps.*t4+C21.*C22.*C32.*ps.*t17+C11.*C22.*pc.*t3.*t10-C12.*C21.*pc.*t5.*t8+C11.*C22.*pc.*t3.*t13+C11.*C22.*pc.*t5.*t12-C12.*C21.*pc.*t5.*t12-C12.*C21.*pc.*t8.*t13+C11.*C22.*pc.*t10.*t12-C12.*C21.*pc.*t10.*t12-C12.*C23.*ps.*t2.*t8+C13.*C22.*ps.*t3.*t7+C13.*C22.*ps.*t2.*t12-C12.*C23.*ps.*t7.*t12;
et6 = C11.*C12.*C13.*C23.*pc.*t8.*-2.0+C13.*C21.*C22.*C23.*pc.*t3.*2.0-C11.*C12.*C13.*C21.*ps.*t8.*2.0-C11.*C12.*C13.*C21.*ps.*t12+C11.*C21.*C22.*C23.*ps.*t3.*2.0+C11.*C21.*C22.*C23.*ps.*t12+C11.*C21.*C32.*C33.*ps.*t3-C12.*C22.*C32.*C33.*ps.*t2-C11.*C21.*C32.*C33.*ps.*t8+C12.*C22.*C32.*C33.*ps.*t7;
et7 = t24+t25+t28+t30+t31+t32+t33+t34+C13.*pc.*t2.*t9-C23.*pc.*t4.*t7+C31.*pc.*t3.*t14+C31.*pc.*t3.*t18+C31.*pc.*t8.*t20+C31.*pc.*t8.*t21-C11.*ps.*t9.*t13+C21.*ps.*t4.*t13-C33.*ps.*t3.*t18.*2.0+C33.*ps.*t8.*t15.*2.0+C11.*C12.*C32.*pc.*t22+C11.*C31.*C33.*pc.*t9-C21.*C31.*C33.*pc.*t4+C21.*C22.*C32.*pc.*t17+C12.*C13.*C32.*ps.*t14.*2.0-C22.*C23.*C32.*ps.*t16.*2.0-C12.*C23.*pc.*t2.*t8+C13.*C22.*pc.*t3.*t7+C13.*C22.*pc.*t2.*t12-C12.*C23.*pc.*t7.*t12-C11.*C22.*ps.*t3.*t13+C12.*C21.*ps.*t5.*t12+C12.*C21.*ps.*t8.*t13-C11.*C22.*ps.*t10.*t12-C11.*C12.*C13.*C21.*pc.*t8.*2.0-C11.*C12.*C13.*C21.*pc.*t12+C11.*C21.*C22.*C23.*pc.*t3.*2.0+C11.*C21.*C22.*C23.*pc.*t12;
et8 = C11.*C21.*C32.*C33.*pc.*t3-C12.*C22.*C32.*C33.*pc.*t2-C11.*C21.*C32.*C33.*pc.*t8+C12.*C22.*C32.*C33.*pc.*t7;
et9 = C11.*ps.*t3.*t11+C11.*ps.*t11.*t12-C21.*ps.*t6.*t8-C21.*ps.*t6.*t12+C32.*ps.*t5.*t16.*2.0-C32.*ps.*t10.*t14.*2.0+C12.*C13.*C31.*pc.*t15+C11.*C13.*C32.*pc.*t21+C21.*C23.*C32.*pc.*t14-C22.*C23.*C31.*pc.*t18-C12.*C13.*C33.*ps.*t15.*2.0+C22.*C23.*C33.*ps.*t18.*2.0-C11.*C21.*pc.*t3.*t10+C11.*C21.*pc.*t5.*t8+C12.*C22.*pc.*t2.*t10-C12.*C22.*pc.*t5.*t7-C13.*C23.*pc.*t2.*t8+C13.*C23.*pc.*t3.*t7+C11.*C21.*pc.*t5.*t12-C13.*C23.*pc.*t2.*t12-C11.*C21.*pc.*t10.*t12+C13.*C23.*pc.*t7.*t12+C11.*C23.*ps.*t5.*t8-C13.*C21.*ps.*t3.*t10+C11.*C23.*ps.*t3.*t13-C13.*C21.*ps.*t3.*t13+C11.*C23.*ps.*t5.*t12+C11.*C23.*ps.*t8.*t13-C13.*C21.*ps.*t8.*t13;
et10 = -C13.*C21.*ps.*t10.*t12-C11.*C23.*C31.*C33.*pc.*t3-C12.*C21.*C31.*C32.*pc.*t5+C13.*C21.*C31.*C33.*pc.*t3+C12.*C23.*C32.*C33.*pc.*t2+C11.*C22.*C31.*C32.*pc.*t10-C11.*C23.*C31.*C33.*pc.*t8+C13.*C21.*C31.*C33.*pc.*t8-C13.*C22.*C32.*C33.*pc.*t7-C11.*C12.*C13.*C22.*ps.*t10.*2.0+C12.*C21.*C22.*C23.*ps.*t5.*2.0;
mt1 = [t36.*(C12.*t2.*t11-C22.*t6.*t7+C31.*t5.*t15+C31.*t5.*t16-C31.*t10.*t14-C31.*t10.*t18-C11.*C13.*C33.*t17+C11.*C31.*C32.*t11-C21.*C31.*C32.*t6+C21.*C23.*C33.*t19+C12.*C23.*t5.*t7-C13.*C22.*t2.*t10+C12.*C23.*t2.*t13-C13.*C22.*t7.*t13-C11.*C12.*C13.*C21.*t10.*2.0-C11.*C12.*C13.*C21.*t13+C11.*C21.*C22.*C23.*t5.*2.0+C11.*C21.*C22.*C23.*t13+C11.*C21.*C32.*C33.*t5-C13.*C23.*C32.*C33.*t2-C11.*C21.*C32.*C33.*t10+C13.*C23.*C32.*C33.*t7)];
mt2 = [-t36.*(C12.*C13.*C31.*t14+C11.*C13.*C32.*t21+C21.*C23.*C32.*t14+C22.*C23.*C31.*t21+C11.*C21.*t3.*t10-C11.*C21.*t5.*t8-C12.*C22.*t2.*t10+C12.*C22.*t5.*t7+C13.*C23.*t2.*t8-C13.*C23.*t3.*t7+C11.*C21.*t3.*t13-C12.*C22.*t2.*t13-C11.*C21.*t8.*t13+C12.*C22.*t7.*t13-C11.*C22.*C31.*C32.*t5+C12.*C21.*C31.*C32.*t5-C13.*C21.*C31.*C33.*t3+C13.*C22.*C32.*C33.*t2-C11.*C22.*C31.*C32.*t10+C11.*C23.*C31.*C33.*t8+C12.*C21.*C31.*C32.*t10-C12.*C23.*C32.*C33.*t7),t36.*(et1+et2),t36.*(et3+et4),t36.*(et5+et6)];
mt3 = [-t36.*(C11.*t3.*t11-C21.*t6.*t8+C32.*t5.*t14+C32.*t5.*t17+C32.*t10.*t21+C32.*t10.*t22+C12.*C13.*C33.*t20+C12.*C31.*C32.*t11-C22.*C31.*C32.*t6+C22.*C23.*C33.*t18+C11.*C23.*t5.*t8-C13.*C21.*t3.*t10+C11.*C23.*t3.*t13-C13.*C21.*t8.*t13-C11.*C12.*C13.*C22.*t10.*2.0-C11.*C12.*C13.*C22.*t13+C12.*C21.*C22.*C23.*t5.*2.0+C12.*C21.*C22.*C23.*t13+C12.*C22.*C31.*C33.*t5-C13.*C23.*C31.*C33.*t3-C12.*C22.*C31.*C33.*t10+C13.*C23.*C31.*C33.*t8),-t36.*(et7+et8),-t36.*(et9+et10)];
obj = [mt1,mt2,mt3];
end
