function obj = c_23_const_pitch_kown_scale(in1,ps,pc)
C11 = in1(1);
C12 = in1(4);
C13 = in1(7);
C21 = in1(2);
C22 = in1(5);
C23 = in1(8);
C31 = in1(3);
C32 = in1(6);
C33 = in1(9);
t2 = C11.^2;
t3 = C11.^3;
t4 = C12.^2;
t5 = C13.^2;
t6 = C13.^3;
t7 = C21.^2;
t8 = C21.^3;
t9 = C22.^2;
t10 = C23.^2;
t11 = C23.^3;
t12 = C31.^2;
t13 = C33.^2;
t14 = C11.*C22.*C33;
t15 = C11.*C23.*C32;
t16 = C12.*C21.*C33;
t17 = C12.*C23.*C31;
t18 = C13.*C21.*C32;
t19 = C13.*C22.*C31;
t20 = -t15;
t21 = -t16;
t22 = -t19;
t23 = C12.*C13.*C31.*ps.*t14;
t24 = C22.*C23.*C31.*ps.*t16;
t25 = C11.*C22.*C31.*C32.*ps.*t5;
t26 = C13.*C22.*C32.*C33.*ps.*t2;
t27 = C12.*C21.*C31.*C32.*ps.*t10;
t28 = C12.*C23.*C32.*C33.*ps.*t7;
t29 = C11.*C21.*ps.*t4.*t10;
t30 = C11.*C21.*ps.*t5.*t9;
t31 = C12.*C22.*ps.*t5.*t7;
t32 = C12.*C22.*ps.*t2.*t10;
t33 = C13.*C23.*ps.*t2.*t9;
t34 = C13.*C23.*ps.*t4.*t7;
t35 = -t25;
t36 = -t28;
t37 = -t30;
t38 = -t32;
t39 = -t34;
t40 = t14+t17+t18+t20+t21+t22;
t41 = 1.0./t40.^3;
et1 = -t23+t24+t26+t27+t29+t31+t33+t35+t36+t37+t38+t39+C11.*pc.*t4.*t11-C21.*pc.*t6.*t9+C32.*pc.*t5.*t14+C32.*pc.*t5.*t17+C32.*pc.*t10.*t21+C32.*pc.*t10.*t22+C12.*C13.*C33.*pc.*t20+C12.*C31.*C32.*pc.*t11-C22.*C31.*C32.*pc.*t6+C22.*C23.*C33.*pc.*t18+C12.*C13.*C31.*ps.*t15-C22.*C23.*C31.*ps.*t18+C11.*C23.*pc.*t5.*t9-C13.*C21.*pc.*t4.*t10+C11.*C23.*pc.*t4.*t13-C13.*C21.*pc.*t9.*t13+C12.*C22.*ps.*t5.*t12-C13.*C23.*ps.*t4.*t12-C12.*C22.*ps.*t10.*t12+C13.*C23.*ps.*t9.*t12-C11.*C12.*C13.*C22.*pc.*t10.*2.0-C11.*C12.*C13.*C22.*pc.*t13+C12.*C21.*C22.*C23.*pc.*t5.*2.0+C12.*C21.*C22.*C23.*pc.*t13+C12.*C22.*C31.*C33.*pc.*t5-C13.*C23.*C31.*C33.*pc.*t4;
et2 = -C12.*C22.*C31.*C33.*pc.*t10+C13.*C23.*C31.*C33.*pc.*t9+C11.*C23.*C31.*C33.*ps.*t4-C12.*C23.*C32.*C33.*ps.*t2-C13.*C21.*C31.*C33.*ps.*t9+C13.*C22.*C32.*C33.*ps.*t7;
et3 = C12.*pc.*t2.*t11-C22.*pc.*t6.*t7+C31.*pc.*t5.*t15+C31.*pc.*t5.*t16-C31.*pc.*t10.*t14-C31.*pc.*t10.*t18+C12.*ps.*t5.*t8-C22.*ps.*t3.*t10+C33.*ps.*t2.*t17+C33.*ps.*t2.*t18+C33.*ps.*t7.*t20+C33.*ps.*t7.*t22-C11.*C13.*C33.*pc.*t17+C11.*C31.*C32.*pc.*t11-C21.*C31.*C32.*pc.*t6+C21.*C23.*C33.*pc.*t19+C11.*C13.*C31.*ps.*t21+C13.*C32.*C33.*ps.*t8+C21.*C23.*C31.*ps.*t14-C23.*C32.*C33.*ps.*t3+C12.*C23.*pc.*t5.*t7-C13.*C22.*pc.*t2.*t10+C12.*C23.*pc.*t2.*t13-C13.*C22.*pc.*t7.*t13-C11.*C22.*ps.*t5.*t7+C12.*C21.*ps.*t2.*t10+C12.*C21.*ps.*t5.*t12-C11.*C22.*ps.*t10.*t12-C11.*C12.*C13.*C21.*pc.*t10.*2.0-C11.*C12.*C13.*C21.*pc.*t13;
et4 = C11.*C21.*C22.*C23.*pc.*t5.*2.0+C11.*C21.*C22.*C23.*pc.*t13+C11.*C21.*C32.*C33.*pc.*t5-C13.*C23.*C32.*C33.*pc.*t2-C11.*C21.*C32.*C33.*pc.*t10+C13.*C23.*C32.*C33.*pc.*t7-C11.*C12.*C13.*C23.*ps.*t7.*2.0-C11.*C12.*C13.*C23.*ps.*t12+C13.*C21.*C22.*C23.*ps.*t2.*2.0+C13.*C21.*C22.*C23.*ps.*t12-C11.*C21.*C31.*C32.*ps.*t5+C13.*C23.*C31.*C32.*ps.*t2+C11.*C21.*C31.*C32.*ps.*t10-C13.*C23.*C31.*C32.*ps.*t7;
et5 = C13.*ps.*t4.*t8-C23.*ps.*t3.*t9+C32.*ps.*t2.*t16+C32.*ps.*t2.*t19-C32.*ps.*t7.*t14-C32.*ps.*t7.*t17-C12.*C13.*C31.*pc.*t14+C11.*C13.*C32.*pc.*t16-C21.*C23.*C32.*pc.*t14+C22.*C23.*C31.*pc.*t16-C11.*C12.*C31.*ps.*t18+C12.*C32.*C33.*ps.*t8+C21.*C22.*C31.*ps.*t15-C22.*C32.*C33.*ps.*t3-C11.*C21.*pc.*t4.*t10+C11.*C21.*pc.*t5.*t9+C12.*C22.*pc.*t2.*t10-C12.*C22.*pc.*t5.*t7-C13.*C23.*pc.*t2.*t9+C13.*C23.*pc.*t4.*t7-C11.*C21.*pc.*t4.*t13+C12.*C22.*pc.*t2.*t13+C11.*C21.*pc.*t9.*t13-C12.*C22.*pc.*t7.*t13-C11.*C23.*ps.*t4.*t7+C13.*C21.*ps.*t2.*t9+C13.*C21.*ps.*t4.*t12-C11.*C23.*ps.*t9.*t12+C11.*C22.*C31.*C32.*pc.*t5;
et6 = -C12.*C21.*C31.*C32.*pc.*t5+C13.*C21.*C31.*C33.*pc.*t4-C13.*C22.*C32.*C33.*pc.*t2+C11.*C22.*C31.*C32.*pc.*t10-C12.*C21.*C31.*C32.*pc.*t10-C11.*C23.*C31.*C33.*pc.*t9+C12.*C23.*C32.*C33.*pc.*t7-C11.*C12.*C13.*C22.*ps.*t7.*2.0-C11.*C12.*C13.*C22.*ps.*t12+C12.*C21.*C22.*C23.*ps.*t2.*2.0+C12.*C21.*C22.*C23.*ps.*t12-C11.*C21.*C31.*C33.*ps.*t4+C12.*C22.*C31.*C33.*ps.*t2+C11.*C21.*C31.*C33.*ps.*t9-C12.*C22.*C31.*C33.*ps.*t7;
et7 = t23+t26+t27+t29+t31+t33+t35+t36+t37+t38+t39+C13.*pc.*t4.*t8-C23.*pc.*t3.*t9+C32.*pc.*t2.*t16+C32.*pc.*t2.*t19-C32.*pc.*t7.*t14-C32.*pc.*t7.*t17-C11.*C12.*C31.*pc.*t18+C12.*C32.*C33.*pc.*t8+C21.*C22.*C31.*pc.*t15-C22.*C32.*C33.*pc.*t3+C11.*C13.*C32.*ps.*t21+C21.*C23.*C32.*ps.*t14+C22.*C23.*C31.*ps.*t21-C11.*C23.*pc.*t4.*t7+C13.*C21.*pc.*t2.*t9+C13.*C21.*pc.*t4.*t12-C11.*C23.*pc.*t9.*t12+C11.*C21.*ps.*t4.*t13-C12.*C22.*ps.*t2.*t13-C11.*C21.*ps.*t9.*t13+C12.*C22.*ps.*t7.*t13-C11.*C12.*C13.*C22.*pc.*t7.*2.0-C11.*C12.*C13.*C22.*pc.*t12+C12.*C21.*C22.*C23.*pc.*t2.*2.0+C12.*C21.*C22.*C23.*pc.*t12-C11.*C21.*C31.*C33.*pc.*t4+C12.*C22.*C31.*C33.*pc.*t2;
et8 = C11.*C21.*C31.*C33.*pc.*t9-C12.*C22.*C31.*C33.*pc.*t7+C12.*C21.*C31.*C32.*ps.*t5-C13.*C21.*C31.*C33.*ps.*t4-C11.*C22.*C31.*C32.*ps.*t10+C11.*C23.*C31.*C33.*ps.*t9;
et9 = C12.*pc.*t5.*t8-C22.*pc.*t3.*t10+C33.*pc.*t2.*t17+C33.*pc.*t2.*t18+C33.*pc.*t7.*t20+C33.*pc.*t7.*t22-C12.*ps.*t2.*t11+C22.*ps.*t6.*t7+C31.*ps.*t10.*t14+C31.*ps.*t5.*t20+C31.*ps.*t5.*t21+C31.*ps.*t10.*t18+C11.*C13.*C31.*pc.*t21+C13.*C32.*C33.*pc.*t8+C21.*C23.*C31.*pc.*t14-C23.*C32.*C33.*pc.*t3+C11.*C13.*C33.*ps.*t17-C11.*C31.*C32.*ps.*t11+C21.*C31.*C32.*ps.*t6+C21.*C23.*C33.*ps.*t22-C11.*C22.*pc.*t5.*t7+C12.*C21.*pc.*t2.*t10+C12.*C21.*pc.*t5.*t12-C11.*C22.*pc.*t10.*t12-C12.*C23.*ps.*t5.*t7+C13.*C22.*ps.*t2.*t10-C12.*C23.*ps.*t2.*t13+C13.*C22.*ps.*t7.*t13-C11.*C12.*C13.*C23.*pc.*t7.*2.0-C11.*C12.*C13.*C23.*pc.*t12+C13.*C21.*C22.*C23.*pc.*t2.*2.0;
et10 = C13.*C21.*C22.*C23.*pc.*t12-C11.*C21.*C31.*C32.*pc.*t5+C13.*C23.*C31.*C32.*pc.*t2+C11.*C21.*C31.*C32.*pc.*t10-C13.*C23.*C31.*C32.*pc.*t7+C11.*C12.*C13.*C21.*ps.*t10.*2.0+C11.*C12.*C13.*C21.*ps.*t13-C11.*C21.*C22.*C23.*ps.*t5.*2.0-C11.*C21.*C22.*C23.*ps.*t13-C11.*C21.*C32.*C33.*ps.*t5+C13.*C23.*C32.*C33.*ps.*t2+C11.*C21.*C32.*C33.*ps.*t10-C13.*C23.*C32.*C33.*ps.*t7;
mt1 = [-t41.*(t3.*t11-t6.*t8+C11.*t11.*t12-C13.*t8.*t13-C21.*t6.*t12+C23.*t3.*t13+C11.*C23.*t5.*t7.*3.0-C13.*C21.*t2.*t10.*3.0-C13.*C21.*t2.*t13+C11.*C23.*t5.*t12+C11.*C23.*t7.*t13-C13.*C21.*t10.*t12+C11.*C21.*C31.*C33.*t5.*2.0-C13.*C23.*C31.*C33.*t2.*2.0-C11.*C21.*C31.*C33.*t10.*2.0+C13.*C23.*C31.*C33.*t7.*2.0)];
mt2 = [t41.*(C12.*t5.*t8+C12.*t8.*t13-C22.*t3.*t10-C22.*t3.*t13+C33.*t2.*t19.*2.0-C33.*t7.*t17.*2.0-C11.*C13.*C31.*t16.*2.0+C21.*C23.*C31.*t14.*2.0-C11.*C22.*t5.*t7+C12.*C21.*t2.*t10+C12.*C21.*t2.*t13-C11.*C22.*t5.*t12+C12.*C21.*t5.*t12-C11.*C22.*t7.*t13-C11.*C22.*t10.*t12+C12.*C21.*t10.*t12-C11.*C12.*C13.*C23.*t7.*2.0+C13.*C21.*C22.*C23.*t2.*2.0),-t41.*(et1+et2),-t41.*(et3+et4),-t41.*(et5+et6)];
mt3 = [t41.*(C12.*t2.*t11+C12.*t11.*t12-C22.*t6.*t7-C22.*t6.*t12+C31.*t5.*t14.*2.0-C31.*t10.*t16.*2.0-C11.*C13.*C33.*t17.*2.0+C21.*C23.*C33.*t19.*2.0+C12.*C23.*t5.*t7-C13.*C22.*t2.*t10+C12.*C23.*t2.*t13-C13.*C22.*t2.*t13+C12.*C23.*t5.*t12+C12.*C23.*t7.*t13-C13.*C22.*t7.*t13-C13.*C22.*t10.*t12-C11.*C12.*C13.*C21.*t10.*2.0+C11.*C21.*C22.*C23.*t5.*2.0),t41.*(et7+et8),-t41.*(et9+et10)];
obj = [mt1,mt2,mt3];
end
