function obj = c_31_const_pitch_kown_scale(in1,ps,pc)
C11 = in1(1);
C12 = in1(4);
C13 = in1(7);
C21 = in1(2);
C22 = in1(5);
C23 = in1(8);
C31 = in1(3);
C32 = in1(6);
C33 = in1(9);
t2 = C11.^2;
t3 = C12.^2;
t4 = C21.^2;
t5 = C21.^3;
t6 = C22.^2;
t7 = C22.^3;
t8 = C23.^2;
t9 = C31.^2;
t10 = C31.^3;
t11 = C32.^2;
t12 = C32.^3;
t13 = C33.^2;
t14 = C11.*C22.*C33;
t15 = C11.*C23.*C32;
t16 = C12.*C21.*C33;
t17 = C12.*C23.*C31;
t18 = C13.*C21.*C32;
t19 = C13.*C22.*C31;
t20 = -t15;
t21 = -t16;
t22 = -t19;
t23 = C23.*ps.*t4.*t12;
t24 = C33.*ps.*t7.*t9;
t25 = C21.*C22.*C23.*C31.*ps.*t11.*2.0;
t26 = C21.*C31.*C32.*C33.*ps.*t6.*2.0;
t27 = C23.*C32.*ps.*t3.*t4;
t28 = C22.*C33.*ps.*t3.*t9;
t29 = C22.*C33.*ps.*t4.*t11;
t30 = C23.*C32.*ps.*t6.*t9;
t31 = t14+t17+t18+t20+t21+t22;
t32 = 1.0./t31.^3;
et1 = t23-t24-t25+t26+t27-t28-t29+t30+C13.*pc.*t6.*t15+C13.*pc.*t6.*t16-C13.*pc.*t11.*t14-C13.*pc.*t11.*t17+C21.*pc.*t8.*t12-C31.*pc.*t7.*t13+C11.*ps.*t6.*t16.*2.0+C23.*ps.*t2.*t12-C11.*ps.*t11.*t17.*2.0-C33.*ps.*t2.*t7+C11.*C13.*C23.*pc.*t12-C11.*C13.*C33.*pc.*t7-C12.*C22.*C23.*pc.*t18+C12.*C32.*C33.*pc.*t19-C12.*C21.*C22.*ps.*t15.*2.0+C12.*C31.*C32.*ps.*t14.*2.0+C21.*C32.*pc.*t3.*t8-C22.*C31.*pc.*t3.*t13+C21.*C32.*pc.*t6.*t13-C22.*C31.*pc.*t8.*t11-C22.*C33.*ps.*t3.*t4+C23.*C32.*ps.*t2.*t6+C23.*C32.*ps.*t3.*t9-C22.*C33.*ps.*t2.*t11-C11.*C12.*C22.*C32.*pc.*t8+C11.*C12.*C23.*C33.*pc.*t6;
et2 = C11.*C12.*C22.*C32.*pc.*t13-C11.*C12.*C23.*C33.*pc.*t11-C21.*C22.*C23.*C33.*pc.*t3-C21.*C22.*C23.*C33.*pc.*t11.*2.0+C23.*C31.*C32.*C33.*pc.*t3+C23.*C31.*C32.*C33.*pc.*t6.*2.0;
et3 = C12.*ps.*t4.*t14.*2.0-C12.*ps.*t9.*t15.*2.0+C23.*ps.*t3.*t10+C23.*ps.*t6.*t10-C33.*ps.*t3.*t5-C33.*ps.*t5.*t11+C12.*C21.*C23.*pc.*t14-C13.*C21.*C22.*pc.*t17+C13.*C31.*C32.*pc.*t16+C12.*C31.*C33.*pc.*t20-C11.*C21.*C22.*ps.*t17.*2.0+C11.*C31.*C32.*ps.*t16.*2.0+C21.*C31.*pc.*t3.*t8-C23.*C33.*pc.*t3.*t4-C21.*C31.*pc.*t3.*t13+C23.*C33.*pc.*t3.*t9-C21.*C31.*pc.*t6.*t13+C21.*C31.*pc.*t8.*t11+C22.*C32.*pc.*t4.*t13-C22.*C32.*pc.*t8.*t9-C23.*C33.*pc.*t4.*t11+C23.*C33.*pc.*t6.*t9+C23.*C31.*ps.*t3.*t4-C21.*C33.*ps.*t2.*t6+C23.*C31.*ps.*t2.*t6-C21.*C33.*ps.*t3.*t9-C21.*C33.*ps.*t2.*t11+C23.*C31.*ps.*t2.*t11-C21.*C33.*ps.*t6.*t9;
et4 = C23.*C31.*ps.*t4.*t11-C11.*C12.*C22.*C31.*pc.*t8-C11.*C13.*C21.*C33.*pc.*t6+C11.*C13.*C23.*C31.*pc.*t6+C12.*C13.*C22.*C33.*pc.*t4+C11.*C12.*C21.*C32.*pc.*t13-C11.*C13.*C21.*C33.*pc.*t11+C11.*C13.*C23.*C31.*pc.*t11-C12.*C13.*C23.*C32.*pc.*t9-C21.*C22.*C23.*C32.*ps.*t9.*2.0+C22.*C31.*C32.*C33.*ps.*t4.*2.0;
et5 = ps.*t5.*t12-ps.*t7.*t10+C11.*pc.*t6.*t17+C11.*pc.*t6.*t18+C23.*pc.*t4.*t12+C11.*pc.*t11.*t21+C11.*pc.*t11.*t22-C33.*pc.*t7.*t9+C21.*ps.*t2.*t12-C22.*ps.*t3.*t10-C31.*ps.*t2.*t7+C32.*ps.*t3.*t5+C11.*C13.*C21.*pc.*t12-C11.*C13.*C31.*pc.*t7+C12.*C21.*C22.*pc.*t20+C12.*C31.*C32.*pc.*t14+C23.*C32.*pc.*t3.*t4-C22.*C33.*pc.*t3.*t9-C22.*C33.*pc.*t4.*t11+C23.*C32.*pc.*t6.*t9-C22.*C31.*ps.*t3.*t4+C21.*C32.*ps.*t2.*t6+C21.*C32.*ps.*t3.*t9-C22.*C31.*ps.*t2.*t11+C21.*C32.*ps.*t6.*t9.*3.0-C22.*C31.*ps.*t4.*t11.*3.0+C12.*C13.*C21.*C31.*pc.*t6-C12.*C13.*C22.*C32.*pc.*t4-C12.*C13.*C21.*C31.*pc.*t11+C12.*C13.*C22.*C32.*pc.*t9;
et6 = -C21.*C22.*C23.*C31.*pc.*t3-C21.*C22.*C23.*C31.*pc.*t11.*2.0+C21.*C31.*C32.*C33.*pc.*t3+C21.*C31.*C32.*C33.*pc.*t6.*2.0+C11.*C12.*C21.*C31.*ps.*t6.*2.0-C11.*C12.*C22.*C32.*ps.*t4.*2.0-C11.*C12.*C21.*C31.*ps.*t11.*2.0+C11.*C12.*C22.*C32.*ps.*t9.*2.0;
et7 = t23-t24-t25+t26+t27-t28-t29+t30-pc.*t5.*t12+pc.*t7.*t10-C21.*pc.*t2.*t12+C22.*pc.*t3.*t10+C31.*pc.*t2.*t7-C32.*pc.*t3.*t5+C11.*ps.*t6.*t17+C11.*ps.*t6.*t18-C11.*ps.*t11.*t16-C11.*ps.*t11.*t19+C11.*C13.*C21.*ps.*t12-C11.*C13.*C31.*ps.*t7-C12.*C21.*C22.*ps.*t15+C12.*C31.*C32.*ps.*t14+C22.*C31.*pc.*t3.*t4-C21.*C32.*pc.*t2.*t6-C21.*C32.*pc.*t3.*t9+C22.*C31.*pc.*t2.*t11-C21.*C32.*pc.*t6.*t9.*3.0+C22.*C31.*pc.*t4.*t11.*3.0-C11.*C12.*C21.*C31.*pc.*t6.*2.0+C11.*C12.*C22.*C32.*pc.*t4.*2.0+C11.*C12.*C21.*C31.*pc.*t11.*2.0-C11.*C12.*C22.*C32.*pc.*t9.*2.0+C12.*C13.*C21.*C31.*ps.*t6-C12.*C13.*C22.*C32.*ps.*t4;
et8 = -C12.*C13.*C21.*C31.*ps.*t11+C12.*C13.*C22.*C32.*ps.*t9-C21.*C22.*C23.*C31.*ps.*t3+C21.*C31.*C32.*C33.*ps.*t3;
et9 = C12.*pc.*t4.*t14.*2.0-C12.*pc.*t9.*t15.*2.0+C23.*pc.*t3.*t10+C23.*pc.*t6.*t10-C33.*pc.*t3.*t5-C33.*pc.*t5.*t11-C11.*C21.*C22.*pc.*t17.*2.0+C11.*C31.*C32.*pc.*t16.*2.0-C12.*C21.*C23.*ps.*t14+C13.*C21.*C22.*ps.*t17+C12.*C31.*C33.*ps.*t15+C13.*C31.*C32.*ps.*t21+C23.*C31.*pc.*t3.*t4-C21.*C33.*pc.*t2.*t6+C23.*C31.*pc.*t2.*t6-C21.*C33.*pc.*t3.*t9-C21.*C33.*pc.*t2.*t11+C23.*C31.*pc.*t2.*t11-C21.*C33.*pc.*t6.*t9+C23.*C31.*pc.*t4.*t11-C21.*C31.*ps.*t3.*t8+C23.*C33.*ps.*t3.*t4+C21.*C31.*ps.*t3.*t13-C23.*C33.*ps.*t3.*t9+C21.*C31.*ps.*t6.*t13-C21.*C31.*ps.*t8.*t11-C22.*C32.*ps.*t4.*t13+C22.*C32.*ps.*t8.*t9+C23.*C33.*ps.*t4.*t11;
et10 = -C23.*C33.*ps.*t6.*t9-C21.*C22.*C23.*C32.*pc.*t9.*2.0+C22.*C31.*C32.*C33.*pc.*t4.*2.0+C11.*C12.*C22.*C31.*ps.*t8+C11.*C13.*C21.*C33.*ps.*t6-C11.*C13.*C23.*C31.*ps.*t6-C12.*C13.*C22.*C33.*ps.*t4-C11.*C12.*C21.*C32.*ps.*t13+C11.*C13.*C21.*C33.*ps.*t11-C11.*C13.*C23.*C31.*ps.*t11+C12.*C13.*C23.*C32.*ps.*t9;
mt1 = [-t32.*(C13.*t4.*t14+C13.*t4.*t17+C22.*t8.*t10+C13.*t9.*t20+C13.*t9.*t21-C32.*t5.*t13+C12.*C13.*C23.*t10-C12.*C13.*C33.*t5+C11.*C21.*C23.*t22+C11.*C31.*C33.*t18+C22.*C31.*t2.*t8-C21.*C32.*t2.*t13-C21.*C32.*t8.*t9+C22.*C31.*t4.*t13-C11.*C12.*C21.*C31.*t8+C11.*C12.*C23.*C33.*t4+C11.*C12.*C21.*C31.*t13-C11.*C12.*C23.*C33.*t9-C21.*C22.*C23.*C33.*t2-C21.*C22.*C23.*C33.*t9.*2.0+C23.*C31.*C32.*C33.*t2+C23.*C31.*C32.*C33.*t4.*2.0)];
mt2 = [-t32.*(C12.*t4.*t15+C12.*t4.*t19-C12.*t9.*t14-C12.*t9.*t18+C23.*t6.*t10-C33.*t5.*t11+C12.*C13.*C22.*t10-C12.*C13.*C32.*t5-C11.*C21.*C22.*t17+C11.*C31.*C32.*t16+C23.*C31.*t2.*t6-C21.*C33.*t2.*t11-C21.*C33.*t6.*t9+C23.*C31.*t4.*t11-C11.*C13.*C21.*C31.*t6+C11.*C13.*C22.*C32.*t4+C11.*C13.*C21.*C31.*t11-C11.*C13.*C22.*C32.*t9-C21.*C22.*C23.*C32.*t2-C21.*C22.*C23.*C32.*t9.*2.0+C22.*C31.*C32.*C33.*t2+C22.*C31.*C32.*C33.*t4.*2.0),t32.*(et1+et2),t32.*(et3+et4),-t32.*(et5+et6)];
mt3 = [t32.*(C12.*C21.*C23.*t14+C13.*C21.*C22.*t20+C13.*C31.*C32.*t14+C12.*C31.*C33.*t20+C22.*C32.*t2.*t8-C23.*C33.*t2.*t6-C22.*C32.*t2.*t13+C23.*C33.*t2.*t11+C21.*C31.*t6.*t13-C21.*C31.*t8.*t11-C22.*C32.*t4.*t13+C22.*C32.*t8.*t9+C23.*C33.*t4.*t11-C23.*C33.*t6.*t9-C11.*C12.*C21.*C32.*t8+C11.*C13.*C21.*C33.*t6-C12.*C13.*C22.*C33.*t4+C12.*C13.*C23.*C32.*t4+C11.*C12.*C22.*C31.*t13-C11.*C13.*C23.*C31.*t11-C12.*C13.*C22.*C33.*t9+C12.*C13.*C23.*C32.*t9),-t32.*(et7+et8),t32.*(et9+et10)];
obj = [mt1,mt2,mt3];
end
