function obj = c_32_const_pitch_kown_scale(in1,ps,pc)
C11 = in1(1);
C12 = in1(4);
C13 = in1(7);
C21 = in1(2);
C22 = in1(5);
C23 = in1(8);
C31 = in1(3);
C32 = in1(6);
C33 = in1(9);
t2 = C11.^2;
t3 = C11.^3;
t4 = C12.^2;
t5 = C12.^3;
t6 = C13.^2;
t7 = C21.^2;
t8 = C22.^2;
t9 = C31.^2;
t10 = C31.^3;
t11 = C32.^2;
t12 = C32.^3;
t13 = C33.^2;
t14 = C11.*C22.*C33;
t15 = C11.*C23.*C32;
t16 = C12.*C21.*C33;
t17 = C12.*C23.*C31;
t18 = C13.*C21.*C32;
t19 = C13.*C22.*C31;
t20 = -t15;
t21 = -t16;
t22 = -t19;
t23 = C13.*ps.*t2.*t12;
t24 = C33.*ps.*t5.*t9;
t25 = C11.*C12.*C13.*C31.*ps.*t11.*2.0;
t26 = C11.*C31.*C32.*C33.*ps.*t4.*2.0;
t27 = C13.*C32.*ps.*t2.*t8;
t28 = C12.*C33.*ps.*t2.*t11;
t29 = C13.*C32.*ps.*t4.*t9;
t30 = C12.*C33.*ps.*t8.*t9;
t31 = t14+t17+t18+t20+t21+t22;
t32 = 1.0./t31.^3;
et1 = t23-t24-t25+t26+t27-t28+t29-t30+C11.*pc.*t6.*t12+C23.*pc.*t4.*t14+C23.*pc.*t4.*t18-C31.*pc.*t5.*t13+C23.*pc.*t11.*t21+C23.*pc.*t11.*t22+C13.*ps.*t7.*t12+C21.*ps.*t4.*t14.*2.0-C33.*ps.*t5.*t7-C21.*ps.*t11.*t19.*2.0+C12.*C13.*C22.*pc.*t20+C13.*C21.*C23.*pc.*t12-C21.*C23.*C33.*pc.*t5+C22.*C32.*C33.*pc.*t17-C11.*C12.*C22.*ps.*t18.*2.0+C22.*C31.*C32.*ps.*t16.*2.0+C11.*C32.*pc.*t6.*t8+C11.*C32.*pc.*t4.*t13-C12.*C31.*pc.*t6.*t11-C12.*C31.*pc.*t8.*t13-C12.*C33.*ps.*t2.*t8+C13.*C32.*ps.*t4.*t7+C13.*C32.*ps.*t8.*t9-C12.*C33.*ps.*t7.*t11-C11.*C12.*C13.*C33.*pc.*t8-C11.*C12.*C13.*C33.*pc.*t11.*2.0;
et2 = -C12.*C21.*C22.*C32.*pc.*t6+C13.*C21.*C22.*C33.*pc.*t4+C12.*C21.*C22.*C32.*pc.*t13-C13.*C21.*C22.*C33.*pc.*t11+C13.*C31.*C32.*C33.*pc.*t4.*2.0+C13.*C31.*C32.*C33.*pc.*t8;
et3 = C13.*ps.*t4.*t10+C13.*ps.*t8.*t10+C22.*ps.*t2.*t16.*2.0-C33.*ps.*t3.*t8-C33.*ps.*t3.*t11-C22.*ps.*t9.*t18.*2.0+C12.*C13.*C21.*pc.*t14-C11.*C13.*C22.*pc.*t17+C23.*C31.*C32.*pc.*t14-C22.*C31.*C33.*pc.*t18-C11.*C12.*C21.*ps.*t19.*2.0+C21.*C31.*C32.*ps.*t14.*2.0+C11.*C31.*pc.*t6.*t8-C13.*C33.*pc.*t2.*t8-C11.*C31.*pc.*t4.*t13+C11.*C31.*pc.*t6.*t11+C12.*C32.*pc.*t2.*t13-C12.*C32.*pc.*t6.*t9-C13.*C33.*pc.*t2.*t11+C13.*C33.*pc.*t4.*t9-C11.*C31.*pc.*t8.*t13+C13.*C33.*pc.*t8.*t9+C13.*C31.*ps.*t2.*t8-C11.*C33.*ps.*t4.*t7+C13.*C31.*ps.*t4.*t7-C11.*C33.*ps.*t4.*t9+C13.*C31.*ps.*t2.*t11-C11.*C33.*ps.*t8.*t9-C11.*C33.*ps.*t7.*t11;
et4 = C13.*C31.*ps.*t7.*t11-C11.*C21.*C23.*C33.*pc.*t4-C12.*C21.*C22.*C31.*pc.*t6+C12.*C22.*C23.*C33.*pc.*t2+C13.*C21.*C23.*C31.*pc.*t4+C11.*C21.*C22.*C32.*pc.*t13-C11.*C21.*C23.*C33.*pc.*t11+C13.*C21.*C23.*C31.*pc.*t11-C13.*C22.*C23.*C32.*pc.*t9-C11.*C12.*C13.*C32.*ps.*t9.*2.0+C12.*C31.*C32.*C33.*ps.*t2.*2.0;
et5 = ps.*t3.*t12-ps.*t5.*t10+C13.*pc.*t2.*t12+C21.*pc.*t4.*t15+C21.*pc.*t4.*t19-C21.*pc.*t11.*t14-C33.*pc.*t5.*t9-C21.*pc.*t11.*t17+C11.*ps.*t7.*t12-C12.*ps.*t8.*t10-C31.*ps.*t5.*t7+C32.*ps.*t3.*t8-C11.*C12.*C22.*pc.*t18+C11.*C21.*C23.*pc.*t12-C21.*C23.*C31.*pc.*t5+C22.*C31.*C32.*pc.*t16+C13.*C32.*pc.*t2.*t8-C12.*C33.*pc.*t2.*t11+C13.*C32.*pc.*t4.*t9-C12.*C33.*pc.*t8.*t9-C12.*C31.*ps.*t2.*t8+C11.*C32.*ps.*t4.*t7+C11.*C32.*ps.*t4.*t9.*3.0-C12.*C31.*ps.*t2.*t11.*3.0+C11.*C32.*ps.*t8.*t9-C12.*C31.*ps.*t7.*t11-C11.*C12.*C13.*C31.*pc.*t8-C11.*C12.*C13.*C31.*pc.*t11.*2.0+C11.*C22.*C23.*C31.*pc.*t4;
et6 = -C12.*C22.*C23.*C32.*pc.*t2-C11.*C22.*C23.*C31.*pc.*t11+C12.*C22.*C23.*C32.*pc.*t9+C11.*C31.*C32.*C33.*pc.*t4.*2.0+C11.*C31.*C32.*C33.*pc.*t8+C11.*C21.*C22.*C31.*ps.*t4.*2.0-C12.*C21.*C22.*C32.*ps.*t2.*2.0-C11.*C21.*C22.*C31.*ps.*t11.*2.0+C12.*C21.*C22.*C32.*ps.*t9.*2.0;
et7 = -t23+t24+t25-t26-t27+t28-t29+t30+pc.*t3.*t12-pc.*t5.*t10+C11.*pc.*t7.*t12-C12.*pc.*t8.*t10-C31.*pc.*t5.*t7+C32.*pc.*t3.*t8+C21.*ps.*t4.*t20+C21.*ps.*t11.*t14+C21.*ps.*t4.*t22+C21.*ps.*t11.*t17+C11.*C12.*C22.*ps.*t18-C11.*C21.*C23.*ps.*t12+C21.*C23.*C31.*ps.*t5+C22.*C31.*C32.*ps.*t21-C12.*C31.*pc.*t2.*t8+C11.*C32.*pc.*t4.*t7+C11.*C32.*pc.*t4.*t9.*3.0-C12.*C31.*pc.*t2.*t11.*3.0+C11.*C32.*pc.*t8.*t9-C12.*C31.*pc.*t7.*t11+C11.*C21.*C22.*C31.*pc.*t4.*2.0-C12.*C21.*C22.*C32.*pc.*t2.*2.0-C11.*C21.*C22.*C31.*pc.*t11.*2.0+C12.*C21.*C22.*C32.*pc.*t9.*2.0+C11.*C12.*C13.*C31.*ps.*t8-C11.*C22.*C23.*C31.*ps.*t4+C12.*C22.*C23.*C32.*ps.*t2;
et8 = C11.*C22.*C23.*C31.*ps.*t11-C12.*C22.*C23.*C32.*ps.*t9-C11.*C31.*C32.*C33.*ps.*t8;
et9 = C13.*pc.*t4.*t10+C13.*pc.*t8.*t10+C22.*pc.*t2.*t16.*2.0-C33.*pc.*t3.*t8-C33.*pc.*t3.*t11-C22.*pc.*t9.*t18.*2.0-C11.*C12.*C21.*pc.*t19.*2.0+C21.*C31.*C32.*pc.*t14.*2.0-C12.*C13.*C21.*ps.*t14+C11.*C13.*C22.*ps.*t17-C23.*C31.*C32.*ps.*t14+C22.*C31.*C33.*ps.*t18+C13.*C31.*pc.*t2.*t8-C11.*C33.*pc.*t4.*t7+C13.*C31.*pc.*t4.*t7-C11.*C33.*pc.*t4.*t9+C13.*C31.*pc.*t2.*t11-C11.*C33.*pc.*t8.*t9-C11.*C33.*pc.*t7.*t11+C13.*C31.*pc.*t7.*t11-C11.*C31.*ps.*t6.*t8+C13.*C33.*ps.*t2.*t8+C11.*C31.*ps.*t4.*t13-C11.*C31.*ps.*t6.*t11-C12.*C32.*ps.*t2.*t13+C12.*C32.*ps.*t6.*t9+C13.*C33.*ps.*t2.*t11-C13.*C33.*ps.*t4.*t9+C11.*C31.*ps.*t8.*t13;
et10 = -C13.*C33.*ps.*t8.*t9-C11.*C12.*C13.*C32.*pc.*t9.*2.0+C12.*C31.*C32.*C33.*pc.*t2.*2.0+C11.*C21.*C23.*C33.*ps.*t4+C12.*C21.*C22.*C31.*ps.*t6-C12.*C22.*C23.*C33.*ps.*t2-C13.*C21.*C23.*C31.*ps.*t4-C11.*C21.*C22.*C32.*ps.*t13+C11.*C21.*C23.*C33.*ps.*t11-C13.*C21.*C23.*C31.*ps.*t11+C13.*C22.*C23.*C32.*ps.*t9;
mt1 = [t32.*(C12.*t6.*t10+C23.*t2.*t16+C23.*t2.*t19-C23.*t9.*t14-C32.*t3.*t13-C23.*t9.*t18-C11.*C13.*C21.*t17+C13.*C22.*C23.*t10-C22.*C23.*C33.*t3+C21.*C31.*C33.*t15+C12.*C31.*t6.*t7-C11.*C32.*t6.*t9+C12.*C31.*t2.*t13-C11.*C32.*t7.*t13-C11.*C12.*C13.*C33.*t7-C11.*C12.*C13.*C33.*t9.*2.0-C11.*C21.*C22.*C31.*t6+C13.*C21.*C22.*C33.*t2+C11.*C21.*C22.*C31.*t13-C13.*C21.*C22.*C33.*t9+C13.*C31.*C32.*C33.*t2.*2.0+C13.*C31.*C32.*C33.*t7)];
mt2 = [t32.*(C13.*t4.*t10+C22.*t2.*t17+C22.*t2.*t18-C33.*t3.*t11+C22.*t9.*t20+C22.*t9.*t21+C11.*C12.*C21.*t22+C12.*C22.*C23.*t10-C22.*C23.*C32.*t3+C21.*C31.*C32.*t14+C13.*C31.*t4.*t7-C11.*C33.*t4.*t9+C13.*C31.*t2.*t11-C11.*C33.*t7.*t11-C11.*C12.*C13.*C32.*t7-C11.*C12.*C13.*C32.*t9.*2.0-C11.*C21.*C23.*C31.*t4+C12.*C21.*C23.*C32.*t2+C11.*C21.*C23.*C31.*t11-C12.*C21.*C23.*C32.*t9+C12.*C31.*C32.*C33.*t2.*2.0+C12.*C31.*C32.*C33.*t7),-t32.*(et1+et2),-t32.*(et3+et4),t32.*(et5+et6)];
mt3 = [-t32.*(C12.*C13.*C21.*t14+C12.*C13.*C21.*t20+C23.*C31.*C32.*t16-C22.*C31.*C33.*t18+C12.*C32.*t6.*t7-C13.*C33.*t4.*t7+C11.*C31.*t4.*t13-C11.*C31.*t6.*t11-C12.*C32.*t2.*t13+C12.*C32.*t6.*t9+C13.*C33.*t2.*t11-C13.*C33.*t4.*t9-C12.*C32.*t7.*t13+C13.*C33.*t7.*t11-C11.*C21.*C22.*C32.*t6+C11.*C21.*C23.*C33.*t4-C12.*C22.*C23.*C33.*t2+C13.*C22.*C23.*C32.*t2+C12.*C21.*C22.*C31.*t13-C12.*C22.*C23.*C33.*t9-C13.*C21.*C23.*C31.*t11+C13.*C22.*C23.*C32.*t9),-t32.*(et7+et8),-t32.*(et9+et10)];
obj = [mt1,mt2,mt3];
end
