function obj = coef_J_const_pitch_kown_scale(in1,in2,pc,ps,t3)
A11 = in1(1);
A12 = in1(4);
A13 = in1(7);
A14 = in1(10);
A21 = in1(2);
A22 = in1(5);
A23 = in1(8);
A24 = in1(11);
A31 = in1(3);
A32 = in1(6);
A33 = in1(9);
A34 = in1(12);
B11 = in2(1);
B12 = in2(4);
B13 = in2(7);
B14 = in2(10);
B21 = in2(2);
B22 = in2(5);
B23 = in2(8);
B24 = in2(11);
B31 = in2(3);
B32 = in2(6);
B33 = in2(9);
B34 = in2(12);
t2 = A11.*pc;
t4 = A13.*pc;
t5 = A21.*pc;
t6 = A23.*pc;
t7 = A31.*pc;
t8 = A33.*pc;
t9 = A11.*ps;
t10 = A13.*ps;
t11 = A21.*ps;
t12 = A23.*ps;
t13 = A31.*ps;
t14 = A33.*ps;
t15 = B11.*pc;
t16 = B22.*pc;
t17 = B33.*pc;
t18 = B11.*ps;
t19 = B22.*ps;
t20 = B33.*ps;
t21 = A13.*t3;
t22 = A23.*t3;
t23 = A33.*t3;
t24 = A12.^2;
t25 = A32.^2;
t26 = B12.^2;
t27 = B13.^2;
t28 = B14.^2;
t29 = B21.^2;
t30 = B23.^2;
t31 = B24.^2;
t32 = B31.^2;
t33 = B32.^2;
t34 = B34.^2;
t35 = pc.^2;
t36 = ps.^2;
t37 = A11-1.0;
t38 = A22-1.0;
t39 = -B11;
t40 = -B22;
t41 = -B33;
t42 = -t3;
t43 = -t2;
t44 = -t12;
t45 = -t14;
t46 = -t16;
t47 = -t17;
t48 = -t19;
t49 = -t20;
t50 = A14+t21;
t51 = A24+t22;
t52 = A22+t39;
t53 = A22+t40;
t54 = A22+t41;
t55 = t6+t11;
t56 = B21.*B31.*t35.*2.0;
t57 = B24.*B34.*t35.*2.0;
t58 = B21.*B31.*t36.*2.0;
t59 = B24.*B34.*t36.*2.0;
t60 = t29.*t35;
t61 = t30.*t35;
t62 = t31.*t35;
t63 = t32.*t35;
t64 = t33.*t35;
t65 = t34.*t35;
t66 = t29.*t36;
t67 = t30.*t36;
t68 = t31.*t36;
t69 = t32.*t36;
t70 = t33.*t36;
t71 = t34.*t36;
t73 = A34+t23+t42;
t72 = t5+t44;
t74 = t55.^2;
t76 = t10+t15+t43;
t77 = t10+t16+t43;
t78 = t10+t17+t43;
t79 = t8+t13+t46;
t80 = t8+t13+t47;
t81 = t4+t9+t48;
t82 = t4+t9+t49;
t83 = t7+t18+t45;
t84 = t7+t19+t45;
t85 = t7+t20+t45;
t75 = t72.^2;
mt1 = [t24+t25+t29+t30+t31+t53.^2,B23.*t54.*2.0+B32.*t53.*2.0-B21.*B31.*2.0-B24.*B34.*2.0,B21.*t72.*-2.0-A12.*B12.*pc.*2.0+A32.*B12.*ps.*2.0,t24+t25+t32+t33+t34+t54.^2,B31.*t72.*2.0+A12.*B13.*pc.*2.0-A32.*B13.*ps.*2.0,t75+t26.*t35+t26.*t36+t27.*t35+t27.*t36+t28.*t35+t28.*t36+t76.^2+t83.^2,A12.*t77.*2.0-A32.*t84.*2.0-t53.*t72.*2.0,B23.*t72.*-2.0-B32.*t72.*2.0-A12.*B23.*pc.*2.0-A12.*B32.*pc.*2.0+A32.*B23.*ps.*2.0+A32.*B32.*ps.*2.0];
mt2 = [B12.*t53.*-2.0-B21.*t52.*2.0+B13.*B23.*2.0+B14.*B24.*2.0-B13.*B23.*t35.*2.0-B13.*B23.*t36.*2.0-B14.*B24.*t35.*2.0-B14.*B24.*t36.*2.0-B12.*pc.*t77.*2.0-B21.*pc.*t76.*2.0-B12.*ps.*t84.*2.0-B21.*ps.*t83.*2.0,A12.*t78.*2.0-A32.*t85.*2.0-t54.*t72.*2.0,B13.*t54.*2.0+B31.*t52.*2.0-B12.*B32.*2.0-B14.*B34.*2.0+B12.*B32.*t35.*2.0+B12.*B32.*t36.*2.0+B14.*B34.*t35.*2.0+B14.*B34.*t36.*2.0+B13.*pc.*t78.*2.0+B31.*pc.*t76.*2.0+B13.*ps.*t85.*2.0+B31.*ps.*t83.*2.0,A12.*t76.*-2.0+A32.*t83.*2.0+t52.*t72.*2.0,B23.*t55.*-2.0-A32.*B32.*pc.*2.0-A12.*B32.*ps.*2.0];
mt3 = [A12.*t81.*2.0-A12.*t82.*2.0+A32.*t79.*2.0-A32.*t80.*2.0+t53.*t55.*2.0-t54.*t55.*2.0,A21.*B24.*-2.0,B24.*t38.*-2.0,B24.*t51.*-2.0-B13.*pc.*t82.*2.0-B31.*pc.*t83.*2.0+B13.*ps.*t80.*2.0+B31.*ps.*t76.*2.0,B32.*t55.*2.0+A32.*B23.*pc.*2.0+A12.*B23.*ps.*2.0,A21.*B34.*2.0,B34.*t38.*2.0,B34.*t51.*2.0-B12.*pc.*t81.*2.0-B21.*pc.*t83.*2.0+B12.*ps.*t79.*2.0+B21.*ps.*t76.*2.0,B14.*t13.*2.0-B14.*pc.*t37.*2.0,A12.*B14.*pc.*-2.0+A32.*B14.*ps.*2.0,B14.*pc.*t50.*-2.0+B14.*ps.*t73.*2.0,t60+t61+t62+t66+t67+t68+t75+t77.^2+t84.^2];
mt4 = [-t56-t57-t58-t59-B23.*pc.*t78.*2.0-B32.*pc.*t77.*2.0-B23.*ps.*t85.*2.0-B32.*ps.*t84.*2.0,B12.*t72.*2.0+A12.*B21.*pc.*2.0-A32.*B21.*ps.*2.0,t63+t64+t65+t69+t70+t71+t75+t78.^2+t85.^2,B13.*t72.*-2.0-A12.*B31.*pc.*2.0+A32.*B31.*ps.*2.0,t24+t25+t26+t27+t28+t52.^2,B23.*pc.*t82.*2.0+B32.*pc.*t84.*2.0-B23.*ps.*t80.*2.0-B32.*ps.*t77.*2.0,t77.*t81.*2.0-t78.*t82.*2.0-t79.*t84.*2.0+t80.*t85.*2.0,B24.*t13.*-2.0+B24.*pc.*t37.*2.0,A12.*B24.*pc.*2.0-A32.*B24.*ps.*2.0,B13.*t55.*-2.0-A32.*B31.*pc.*2.0-A12.*B31.*ps.*2.0+B24.*pc.*t50.*2.0-B24.*ps.*t73.*2.0];
mt5 = [B23.*pc.*t85.*-2.0-B32.*pc.*t81.*2.0+B23.*ps.*t78.*2.0+B32.*ps.*t79.*2.0,B34.*t13.*2.0-B34.*pc.*t37.*2.0,A12.*B34.*pc.*-2.0+A32.*B34.*ps.*2.0,B12.*t55.*-2.0-A32.*B21.*pc.*2.0-A12.*B21.*ps.*2.0-B34.*pc.*t50.*2.0+B34.*ps.*t73.*2.0,A21.*B14.*-2.0,B14.*t38.*-2.0,B14.*t51.*-2.0,t63+t64+t65+t69+t70+t71+t74+t80.^2+t82.^2,t56+t57+t58+t59-B23.*pc.*t80.*2.0-B32.*pc.*t79.*2.0-B23.*ps.*t82.*2.0-B32.*ps.*t81.*2.0,B34.*t7.*-2.0-B34.*ps.*t37.*2.0,A32.*B34.*pc.*-2.0-A12.*B34.*ps.*2.0,B34.*pc.*t73.*-2.0-B34.*ps.*t50.*2.0,t60+t61+t62+t66+t67+t68+t74+t79.^2+t81.^2,B24.*t7.*-2.0-B24.*ps.*t37.*2.0];
mt6 = [A32.*B24.*pc.*-2.0-A12.*B24.*ps.*2.0,B24.*pc.*t73.*-2.0-B24.*ps.*t50.*2.0,A21.^2+A31.^2+t37.^2,A12.*t37.*2.0+A21.*t38.*2.0+A31.*A32.*2.0,A21.*t51.*2.0+A31.*t73.*2.0+t37.*t50.*2.0,t24+t25+t38.^2,A12.*t50.*2.0+A32.*t73.*2.0+t38.*t51.*2.0,t50.^2+t51.^2+t73.^2];
obj = [mt1,mt2,mt3,mt4,mt5,mt6];
end
